3.82047e-37
1.00825e-34
2.65846e-32
7.00365e-30
1.84362e-27
4.84942e-25
1.27467e-22
3.34819e-20
8.78905e-18
2.30573e-15
6.04532e-13
1.58413e-10
4.14886e-08
1.08604e-05
0.00284155
0.743122
194.255
50757.3
1.3257e+07
3.46117e+09
9.03307e+11
2.35662e+14
6.14598e+16
1.60231e+19
4.17598e+21
1.08801e+24
2.83386e+26
7.37897e+28
1.92083e+31
4.99878e+33
1.30054e+36
3.38275e+38
-7.67045e-37
-2.02406e-34
-5.33626e-32
-1.40568e-29
-3.69991e-27
-9.73128e-25
-2.55764e-22
-6.71763e-20
-1.76325e-17
-4.62538e-15
-1.21263e-12
-3.17738e-10
-8.32109e-08
-2.17807e-05
-0.00569841
-1.49017
-389.514
-101772
-2.65799e+07
-6.93919e+09
-1.81093e+12
-4.72428e+14
-1.23202e+17
-3.21185e+19
-8.37048e+21
-2.18077e+24
-5.67986e+26
-1.4789e+29
-3.84962e+31
-1.00179e+34
-2.60629e+36
-nan
3.82047e-37
1.00825e-34
2.65846e-32
7.00365e-30
1.84362e-27
4.84942e-25
1.27467e-22
3.34819e-20
8.78905e-18
2.30573e-15
6.04532e-13
1.58413e-10
4.14886e-08
1.08604e-05
0.00284155
0.743122
194.255
50757.3
1.3257e+07
3.46117e+09
9.03307e+11
2.35662e+14
6.14598e+16
1.60231e+19
4.17598e+21
1.08801e+24
2.83386e+26
7.37897e+28
1.92083e+31
4.99878e+33
1.30054e+36
3.38275e+38
-7.67045e-37
-2.02406e-34
-5.33626e-32
-1.40568e-29
-3.69991e-27
-9.73128e-25
-2.55764e-22
-6.71763e-20
-1.76325e-17
-4.62538e-15
-1.21263e-12
-3.17738e-10
-8.32109e-08
-2.17807e-05
-0.00569841
-1.49017
-389.514
-101772
-2.65799e+07
-6.93919e+09
-1.81093e+12
-4.72428e+14
-1.23202e+17
-3.21185e+19
-8.37048e+21
-2.18077e+24
-5.67986e+26
-1.4789e+29
-3.84962e+31
-1.00179e+34
-2.60629e+36
-nan
3.82047e-37
1.00825e-34
2.65846e-32
7.00365e-30
1.84362e-27
4.84942e-25
1.27467e-22
3.34819e-20
8.78905e-18
2.30573e-15
6.04532e-13
1.58413e-10
4.14886e-08
1.08604e-05
0.00284155
0.743122
194.255
50757.3
1.3257e+07
3.46117e+09
9.03307e+11
2.35662e+14
6.14598e+16
1.60231e+19
4.17598e+21
1.08801e+24
2.83386e+26
7.37897e+28
1.92083e+31
4.99878e+33
1.30054e+36
3.38275e+38
-7.67045e-37
-2.02406e-34
-5.33626e-32
-1.40568e-29
-3.69991e-27
-9.73128e-25
-2.55764e-22
-6.71763e-20
-1.76325e-17
-4.62538e-15
-1.21263e-12
-3.17738e-10
-8.32109e-08
-2.17807e-05
-0.00569841
-1.49017
-389.514
-101772
-2.65799e+07
-6.93919e+09
-1.81093e+12
-4.72428e+14
-1.23202e+17
-3.21185e+19
-8.37048e+21
-2.18077e+24
-5.67986e+26
-1.4789e+29
-3.84962e+31
-1.00179e+34
-2.60629e+36
-nan
